dense3: 580.6207 12.4697 11.9176
dense4: 675.0102 9.2896 11.2954 
dense5: 558.5565 6.8711 9.4066 
dense6: 1146.7855 9.3543 18.8361
dense11: 534.2252 10.6772 4.1228
dense13: 610.127 8.8695 12.0054 
dense14: 506.2307 4.8194 5.9023
dense16: 579.2724 12.3211 11.2482 
dense17: 581.1652 9.7764 9.4406
dense19: 581.8322 17.6704 12.0327 
dense20: 486.2785 1.1279 4.1562 
-----
dense1: 643.8731 11.4379 19.1263
dense2: 592.229 9.035 7.8474
dense7: 522.0436 2.9309 7.6633
dense8: 1191.3582 10.1505 24.699
dense9: 573.0132 10.0778 10.5367
dense10: 961.3563 14.7186 13.4612
dense12: 616.8241 16.1206 10.6949 Fail
dense15: 562.6469 13.1532 11.2468
dense18: 516.734 4.8307 7.7121dense1: 675.2096 15.8663 19.6653 
dense2: 585.8099 11.8251 12.3015 Fail 
dense3: 590.3603 9.7577 16.9671 Fail 
dense4: 681.3326 10.2372 10.1665 
dense1: 675.2096 15.8663 20.0269 
dense2: 585.8099 11.8251 12.4168 Fail 
dense3: 590.3603 9.7577 17.2127 Fail 
dense4: 681.3326 10.2372 10.056 
dense5: 590.5313 11.5572 15.9797 
dense6: 1224.6622 13.5589 24.4463 Fail 
dense7: 511.9821 4.1103 10.6628 
dense8: 1261.7534 12.33 37.7236 
dense9: 581.4639 7.9335 12.5292 
dense10: 1072.9411 15.2153 20.128 
dense11: 548.4827 10.0492 4.7419 
dense12: 567.8884 7.8162 8.263 
dense13: 560.0772 8.6051 16.0624 
dense14: 519.5662 4.8075 8.3232 
dense15: 581.9562 10.4044 11.4268 
dense16: 574.7396 8.0193 8.5833 Fail 
dense17: 513.4908 7.0572 9.0739 Fail 
dense18: 507.6649 5.2486 7.3676 
dense19: 570.3975 12.5112 12.1497 
dense20: 518.0138 5.3057 7.6734 
dense1: 651.8056 5.8927 4.478 
dense1: 651.8056 5.8927 4.2254 
dense1: 651.8056 5.8927 4.5665 
dense1: 651.8056 5.8927 4.3545 
dense1: 637.951 8.1533 23.9077 
dense2: 606.3914 12.5337 12.4138 
dense3: 528.3899 6.0053 10.8338 
dense4: 660.9442 9.7704 14.1376 
dense5: 584.3237 6.809 14.1703 
dense6: 1298.1322 9.8834 39.565 
dense7: 521.7248 4.6655 12.007 
dense8: 566.1572 7.7999 15.109 
dense9: 1028.9926 16.9382 27.5586 Fail 
dense10: 534.2252 10.6772 4.7067 
dense11: 551.5532 6.1225 10.3966 Fail 
dense12: 614.554 11.6527 22.4305 
dense13: 505.2352 4.9825 8.0071 
dense14: 544.6298 9.7389 11.5455 Fail 
dense15: 584.3987 10.0311 11.4005 
dense16: 525.0619 2.8128 8.1981 
dense17: 508.0318 5.0777 8.215 
dense18: 565.0417 7.6892 13.6051 
dense19: 543.0152 8.4302 8.0543 
dense20: 413.973 0.0 0.6274 
dense1: 637.951 8.1533 29.5315 
dense2: 606.3914 12.5337 13.2935 
dense3: 528.3899 6.0053 11.3355 
dense4: 660.9442 9.7704 15.254 
dense5: 584.3237 6.809 14.3132 
dense6: 1298.1322 9.8834 35.5455 
dense7: 521.7248 4.6655 10.4716 
dense8: 566.1572 7.7999 14.9246 
dense9: 1028.9926 16.9382 24.199 Fail 
dense10: 534.2252 10.6772 5.0571 
dense11: 551.5532 6.1225 10.4837 Fail 
dense12: 614.554 11.6527 25.0617 
dense13: 505.2352 4.9825 8.8973 
dense14: 544.6298 9.7389 11.613 Fail 
dense15: 584.3987 10.0311 10.9211 
dense16: 525.0619 2.8128 8.4313 
dense17: 508.0318 5.0777 8.1885 
dense18: 565.0417 7.6892 13.2875 
dense19: 543.0152 8.4302 7.4674 
dense20: 413.973 0.0 0.6301 
dense1: 665.9853 12.268 32.9446 
dense2: 665.7256 15.1248 21.5549 
dense3: 686.8231 10.5061 11.3369 
dense4: 568.6063 6.4577 11.033 Fail 
dense5: 1186.1181 11.5958 23.9663 
dense6: 515.7718 4.8189 9.1906 
dense7: 552.7285 8.5203 8.6687 
dense8: 950.058 15.2902 19.7559 
dense9: 559.5944 9.2344 5.151 
dense10: 553.1474 10.5183 9.2588 
dense11: 583.4662 6.4388 16.6076 
dense12: 500.2707 4.9819 5.9415 
dense13: 571.3581 11.155 8.0203 
dense14: 551.9085 8.0075 7.5557 
dense15: 533.8348 8.2823 10.4091 
dense16: 516.6876 4.9016 8.4489 
dense17: 598.0255 10.1858 14.2521 
dense18: 513.4716 4.2307 6.7161 
dense19: 413.973 0.0 0.6271 
dense20: 413.973 0.0 0.6296 
