trap2: 610.3274 11.6801 9.6441
trap11: 539.8157 5.7684 4.2387 
trap13: 653.1028 7.7826 11.4763
trap15: 541.1809 4.1296 7.3876 
trap16: 844.7374 8.8008 10.7272 
trap17: 757.9557 9.2457 9.5834 
trap18: 776.0671 7.3145 6.4938
trap20: 665.6384 8.9295 9.2356 
-----
trap1: 603.7071 5.8484 9.2961
trap3: 883.0346 18.0146 7.9638 
trap4: 572.5657 9.7056 14.4875 
trap5: 710.8802 2.4655 20.4166 
trap6: 553.1368 6.4923 7.8676 
trap7: 706.4928 10.0065 13.5879 
trap8: 819.0266 11.1967 23.2579 
trap9: 760.4074 4.9429 28.8877 Fail 
trap10: 610.268 7.2857 9.3956
trap12: 521.274 3.501 4.9114
trap14: 693.0913 13.1278 10.883
trap19: 652.6277 11.0456 11.327
