trap2: 714.1878 15.2305 7.88
trap11: 539.8157 5.7684 4.2618
trap13: 641.667 6.2264 10.5709
trap15: 541.1809 4.1296 7.391 
trap16: 844.7645 8.8281 10.78 
trap17: 757.9557 9.2457 9.6336 
trap18: 776.0671 7.3145 6.4485 
trap20: 630.2236 6.1973 9.9564
-----
trap1: 603.7071 5.8484 7.9286
trap3: 711.6711 14.6243 10.2311
trap4: 555.3146 8.4059 10.85
trap5: 710.8802 2.4655 16.1423
trap6: 610.8195 12.9563 7.7424
trap7: 709.7832 10.1982 11.1033
trap8: 757.8418 6.8239 14.6723
trap9: 822.0838 6.8781 23.6565
trap10: 610.268 7.2857 7.85
trap12: 521.274 3.501 4.1353
trap14: 726.4039 13.5802 10.2508
trap19: 615.498 9.8722 6.7643
