room4: 596.5158 6.8618 15.102
room5: 757.7847 14.0102 15.6317 
room6: 1068.3029 7.3969 25.4621 
room7: 608.6739 6.1448 18.47 
room8: 687.5261 9.2216 16.3528 
room9: 900.6099 5.5777 22.1686 
room10: 1227.4906 6.7596 29.9198
room12: 595.0483 7.302 10.2801
room14: 608.6611 10.2231 12.0773 
room15: 640.5045 11.8591 15.5963
room20: 623.3991 9.0204 14.4139 
-----
room1: 607.1186 11.9835 12.3432
room2: 687.7732 6.4021 19.7374
room3: 579.0151 9.2877 18.4279
room11: 622.2205 8.0262 7.8682
room13: 596.2539 8.3194 11.9869
room16: 712.2408 14.5619 16.0261 Fail
room17: 629.8353 9.2203 17.1738 Fail
room18: 689.2127 9.733 14.7353 Fail
room19: 629.0477 11.6073 12.2998room1: 657.1268 14.7608 18.0768 
room2: 700.4901 9.3712 32.0335 
room3: 661.7162 11.4067 23.0815 
room4: 557.6128 4.4773 14.8971 
room5: 748.4615 15.5333 18.2047 Fail 
room6: 1053.4301 9.5318 33.2317 
room7: 608.5926 6.1253 17.5433 
room8: 771.5715 8.6865 20.8304 
room9: 1007.3802 6.6286 21.503 
room10: 1225.2022 4.2521 35.3216 
room11: 625.765 8.8178 8.5689 
room12: 595.0483 7.302 10.689 
room13: 585.0644 9.4049 13.7132 
room14: 587.1947 8.9865 12.713 
room15: 646.6665 10.6607 20.6999 Fail 
room16: 592.4672 11.3973 14.9949 Fail 
room17: 675.281 9.2924 18.2724 Fail 
room18: 673.304 7.6703 18.2386 
room19: 636.5125 10.0776 12.9704 
room20: 617.5458 7.7136 20.7372 
room1: 580.0789 9.6584 15.2099 Fail 
room2: 576.36 4.1303 15.9387 
room3: 667.0193 11.5317 13.0593 Fail 
room4: 1139.4393 8.4644 37.3472 
room5: 579.7612 4.8716 16.4213 
room6: 722.7998 7.2573 20.9478 
room7: 1046.6275 9.0505 29.5006 Fail 
room8: 1308.4078 6.6372 50.0774 
room9: 623.5099 7.3418 9.9914 
room10: 595.0483 7.302 13.0587 
room11: 578.0275 7.0215 16.4529 
room12: 584.0454 8.5404 17.4099 Fail 
room13: 792.1467 11.6438 31.4338 Fail 
room14: 650.1844 13.7023 29.7615 Fail 
room15: 621.2909 7.1522 25.5784 
room16: 601.1053 6.7983 22.0861 
room17: 645.48 12.101 18.4078 Fail 
room18: 610.1475 7.1977 17.5823 
room19: 413.973 0.0 0.6502 
room20: 413.973 0.0 0.6426 
