room4: 631.0785 6.0254 23.8314
room5: 587.3014 3.2778 22.3752 
room6: 1012.1877 4.6201 43.86 
room7: 607.3772 6.2654 22.2549 
room8: 687.0462 5.887 24.8892 
room9: 830.2897 2.9232 35.638 
room10: 1147.0895 3.8295 55.0169
room12: 574.5362 3.9955 22.4375
room14: 585.0453 5.5085 23.1477 
room15: 628.4802 9.2158 23.8792
room20: 603.0483 6.2097 23.3311 
-----
room1: 740.5506 5.5594 28.924
room2: Fail
room3: 655.8953 8.3149 27.6296 Fail
room11: 578.3356 4.8696 22.2312 Fail
room13: 577.6839 5.0715 21.1632
room16: 638.9009 6.788 26.8089
room17: 590.5858 4.6789 24.7104
room18: 591.1846 3.9461 23.3639
room19: 607.3055 6.836 26.8685 Failroom1: 556.116 3.6217 28.04 
room2: 598.1762 4.6461 36.94 
room3: 587.7946 4.744 40.8301 
room1: 556.116 3.6217 28.6796 
room2: 598.1762 4.6461 38.7761 
room3: 587.7946 4.744 45.1811 
room4: 604.8491 7.9362 45.9369 
room5: 635.1202 5.7929 42.5836 Fail 
room6: 833.3609 3.013 54.0872 
room7: 1148.7466 3.3183 123.989 Fail 
room8: 577.3829 5.5875 39.6291 Fail 
room9: 574.5362 3.9955 31.8934 
room10: 603.368 5.4835 43.6234 
room11: 580.6076 4.4522 42.8264 
room12: 697.5674 9.1798 53.2099 
room13: 588.6595 4.3627 41.4023 
room14: 606.5216 5.9238 43.2677 
room15: 608.1158 3.8338 38.5976 
room16: 605.3407 4.7855 43.4999 Fail 
room17: 665.8126 6.156 42.7929 Fail 
room18: 527.1423 1.0017 23.3108 
room19: 527.1423 1.0017 23.4818 
room20: 527.1423 1.0017 23.3426 
