room4: 568.1137 6.016 11.6529
room5: 576.8224 5.9975 11.8509 
room6: 1047.3046 9.1364 25.2949 
room7: 608.6788 6.1536 18.5594 
room8: 678.5294 9.6149 16.3408 
room9: 967.7376 7.9054 19.59 
room10: 1225.6773 5.9242 28.8801
room12: 595.0483 7.302 10.3331
room14: 602.1899 8.8864 11.8188 
room15: 622.445 9.6024 13.1729
room20: 623.7491 8.6265 14.9124 
-----
room1: 596.4481 11.1701 14.8228
room2: 687.7732 6.4021 19.8207
room3: 621.3154 7.2389 22.3796
room11: 622.2205 8.0262 7.7645
room13: 584.0959 9.3075 11.587
room16: 773.3802 16.1695 15.7583
room17: 643.5999 8.1191 14.0939
room18: 795.461 7.521 15.9318
room19: 664.4135 5.8386 14.362