maze2: 1204.2462 7.8812 20.4921
maze3: 1647.8639 11.0067 29.7056 
maze4: 2217.2008 6.806 57.0107 
maze5: 972.8142 6.2724 18.5679 
maze6: 1336.5448 5.1164 22.1723 
maze7: 1777.2533 7.6233 27.2844 
maze8: 932.811 7.8297 11.6903 
maze9: 1728.1132 8.6038 29.9241
maze11: 609.2177 7.9614 16.2295 
maze12: 673.9164 5.1493 16.0812
maze13: 1078.6372 5.0312 31.7489
maze14: 665.3725 11.4804 9.742
maze17: 858.0462 4.697 15.9269 
maze18: 952.9346 5.9302 22.3151 
maze19: 726.3821 4.8856 22.755 
maze20: 619.8163 8.8207 14.3477 
-----
maze1: 1111.6873 8.6841 19.4448
maze10: 1762.4151 7.7079 30.496 Fail
maze15: 535.782 9.9537 10.3835
maze16: 580.6189 9.9278 11.8027