maze2: 1099.3711 4.4136 49.7889
maze3: 1469.6494 3.0704 77.1982 
maze4: 1998.4236 3.2111 115.9208 
maze5: 928.3739 3.7655 39.2048 
maze6: 1196.6857 2.9638 57.1766 
maze7: 1602.7385 3.053 79.2737 
maze8: 902.4499 3.4641 34.5709 
maze9: 1508.644 4.23 76.8969
maze11: 587.4824 4.2003 22.5541 
maze12: 624.724 5.216 24.188 
maze13: 1070.8889 3.8531 45.8336 
maze14: 649.4452 5.3431 25.4508
maze17: 776.558 2.9115 33.7343 
maze18: 880.5919 4.2018 38.8114 
maze19: 676.9121 2.0915 30.5093 
maze20: 602.2383 6.1129 22.5462 
-----
maze1: 1029.969 3.9799 44.9797
maze10: 1577.5259 3.4339 80.3455
maze15: 552.428 6.2476 19.4855
maze16: 574.0045 7.4607 22.2134maze1: 1099.3711 4.4136 47.0551 
maze2: 1469.6494 3.0704 68.3609 
