maze2: 1228.881 8.6463 20.6158 
maze3: 1618.7666 10.5054 29.9607 
maze4: 2172.7244 4.1589 62.8167 
maze5: 969.2335 6.4069 18.7044 
maze6: 1336.5448 5.1164 22.3609 
maze7: 1777.2533 7.6233 27.525 
maze8: 932.811 7.8297 11.7944 
maze9: 1728.1132 8.6038 30.2112
maze11: 636.2118 7.4056 18.9075 
maze12: 674.3123 6.5341 19.3463
maze13: 1082.4321 5.4311 34.9576
maze14: 667.7345 11.6344 9.2563
maze17: 791.4885 5.3414 16.2646
maze18: 956.2404 6.331 23.9959
maze19: 726.8971 4.4189 23.1823
maze20: 622.2697 7.9252 15.4442 
-----
maze1: Fail
maze10: 1781.4291 6.5169 37.324 Fail
maze15: 534.9467 9.2345 10.6723 Fail
maze16: 580.7645 9.6723 12.3458 Failmaze1: 1228.881 8.6463 27.788 
maze2: 1618.7666 10.5054 39.5659 
maze3: 2172.7244 4.1589 85.2149 
maze4: 969.2335 6.4069 24.2817 
maze5: 1336.5448 5.1164 23.3837 
maze6: 1777.2533 7.6233 29.0068 
maze7: 932.811 7.8297 12.2426 
maze8: 1728.1132 8.6038 42.0816 
maze9: 1781.4291 6.5169 47.5239 Fail 
maze10: 636.2118 7.4056 22.8068 
maze1: 1228.881 8.6463 30.7352 
maze2: 1618.7666 10.5054 42.498 
maze3: 2172.7244 4.1589 90.5436 
maze4: 969.2335 6.4069 22.261 
maze5: 1336.5448 5.1164 24.3805 
maze6: 1777.2533 7.6233 29.827 
maze7: 932.811 7.8297 12.614 
maze8: 1728.1132 8.6038 45.201 
maze9: 1781.4291 6.5169 50.9165 Fail 
maze10: 636.2118 7.4056 23.2313 
