maze2: 1204.2462 7.8812 20.6096
maze3: 1647.8639 11.0067 29.8098 
maze4: 2178.3193 6.2412 59.4761 
maze5: 972.8142 6.2724 18.6623 
maze6: 1336.5448 5.1164 22.2872 
maze7: 1777.2533 7.6233 27.3917 
maze8: 932.811 7.8297 11.773 
maze9: 1728.1132 8.6038 30.0547
maze11: 609.2177 7.9614 16.304 
maze12: 672.7442 6.9133 19.1846 
maze13: 1076.4337 4.9394 32.0609
maze14: 665.3725 11.4804 9.7868
maze17: 861.0171 5.4776 16.1569 
maze18: 952.9346 5.9302 22.4273 
maze19: 726.3821 4.8856 22.8994 
maze20: 619.8163 8.8207 14.4585
-----
maze1: 1111.6873 8.6841 19.5148
maze10: 1705.6083 5.5922 35.0278
maze15: 535.782 9.9537 10.4481
maze16: 580.6189 9.9278 11.9205